Classification Report:
              precision    recall  f1-score   support

           A       0.71      1.00      0.83         5
           B       0.88      0.88      0.88         8
           C       1.00      0.50      0.67         2
           D       0.75      0.60      0.67         5
           E       0.50      1.00      0.67         3
           F       1.00      1.00      1.00         7
           G       0.83      1.00      0.91         5
           H       1.00      0.89      0.94         9
           I       0.29      1.00      0.44         2
           J       0.86      0.75      0.80         8
           K       1.00      1.00      1.00         6
           L       1.00      0.50      0.67         4
           M       0.50      0.57      0.53         7
           N       0.00      0.00      0.00         2
           O       1.00      0.50      0.67         4
           P       0.71      0.83      0.77         6
           Q       0.43      0.75      0.55         4
           R       0.71      0.71      0.71         7
           S       0.50      1.00      0.67         4
           T       0.00      0.00      0.00         6
           U       0.88      1.00      0.93         7
           V       1.00      0.80      0.89         5
           W       1.00      1.00      1.00         3
           X       1.00      1.00      1.00         1
           Y       1.00      0.50      0.67         8
           Z       1.00      0.75      0.86         4

    accuracy                           0.76       132
   macro avg       0.75      0.75      0.72       132
weighted avg       0.78      0.76      0.75       132
