Classification Report:
              precision    recall  f1-score   support

           A       1.00      0.60      0.75         5
           B       1.00      0.75      0.86         8
           C       0.25      0.50      0.33         2
           D       0.67      0.80      0.73         5
           E       0.33      0.67      0.44         3
           F       0.86      0.86      0.86         7
           G       0.80      0.80      0.80         5
           H       0.89      0.89      0.89         9
           I       0.50      0.50      0.50         2
           J       0.88      0.88      0.88         8
           K       1.00      0.67      0.80         6
           L       0.75      0.75      0.75         4
           M       0.67      0.86      0.75         7
           N       1.00      0.50      0.67         2
           O       0.00      0.00      0.00         4
           P       1.00      0.83      0.91         6
           Q       0.57      1.00      0.73         4
           R       0.50      0.29      0.36         7
           S       0.75      0.75      0.75         4
           T       0.71      0.83      0.77         6
           U       0.25      0.29      0.27         7
           V       0.38      0.60      0.46         5
           W       0.60      1.00      0.75         3
           X       0.50      1.00      0.67         1
           Y       1.00      0.50      0.67         8
           Z       1.00      1.00      1.00         4

    accuracy                           0.70       132
   macro avg       0.69      0.70      0.67       132
weighted avg       0.73      0.70      0.69       132
