Classification Report:
              precision    recall  f1-score   support

           A       0.59      0.88      0.71        26
           B       0.98      1.00      0.99        50
           C       1.00      0.94      0.97        48
           D       0.96      0.90      0.93        50
           E       0.00      0.00      0.00         1
           F       0.93      1.00      0.96        50
           G       0.83      0.92      0.87        49
           H       0.63      1.00      0.78        50
           I       1.00      1.00      1.00        45
           J       1.00      0.91      0.95        34
           K       0.92      0.96      0.94        46
           L       0.85      1.00      0.92        50
           M       0.00      0.00      0.00         0
           N       1.00      0.27      0.42        30
           O       0.74      1.00      0.85        50
           P       0.78      1.00      0.88        49
           Q       0.51      1.00      0.68        48
           R       0.00      0.00      0.00         2
           S       0.25      0.10      0.14        10
           T       0.47      0.76      0.58        49
           U       0.00      0.00      0.00        50
           V       1.00      0.98      0.99        49
           W       0.00      0.00      0.00        49
           X       0.00      0.00      0.00         2
           Y       0.00      0.00      0.00        39
           Z       0.00      0.00      0.00         0

    accuracy                           0.78       926
   macro avg       0.55      0.60      0.56       926
weighted avg       0.70      0.78      0.72       926
