Classification Report:
              precision    recall  f1-score   support

           A       0.44      0.64      0.52        69
           B       0.88      0.98      0.93        46
           C       1.00      0.57      0.73        35
           D       0.86      0.56      0.68        45
           E       0.74      0.88      0.80        49
           F       0.95      1.00      0.97        58
           G       0.57      1.00      0.73        54
           H       0.81      0.66      0.72        44
           I       0.80      0.88      0.84        69
           J       0.46      0.58      0.51        77
           K       0.91      0.59      0.72        54
           L       0.62      0.63      0.63        65
           M       0.42      0.25      0.32        51
           N       0.09      0.02      0.03        53
           O       0.87      0.54      0.67        50
           P       0.41      0.67      0.51        43
           Q       0.49      0.94      0.64        48
           R       0.40      0.56      0.47        48
           S       0.36      0.97      0.53        63
           T       0.09      0.04      0.06        49
           U       0.61      0.69      0.65        49
           V       0.70      0.70      0.70        50
           W       1.00      0.88      0.94        50
           X       1.00      0.05      0.10        59
           Y       1.00      0.51      0.68        51
           Z       0.00      0.00      0.00        70

    accuracy                           0.60      1399
   macro avg       0.63      0.61      0.58      1399
weighted avg       0.62      0.60      0.57      1399
