Classification Report:
              precision    recall  f1-score   support

           A       0.50      1.00      0.67         5
           B       1.00      0.88      0.93         8
           C       1.00      1.00      1.00         2
           D       1.00      0.60      0.75         5
           E       0.40      0.67      0.50         3
           F       1.00      1.00      1.00         7
           G       0.62      1.00      0.77         5
           H       1.00      0.89      0.94         9
           I       0.20      0.50      0.29         2
           J       0.57      0.50      0.53         8
           K       0.86      1.00      0.92         6
           L       1.00      0.75      0.86         4
           M       0.75      0.43      0.55         7
           N       0.00      0.00      0.00         2
           O       1.00      0.50      0.67         4
           P       0.50      0.83      0.62         6
           Q       0.44      1.00      0.62         4
           R       0.60      0.86      0.71         7
           S       0.40      1.00      0.57         4
           T       0.00      0.00      0.00         6
           U       0.83      0.71      0.77         7
           V       1.00      0.60      0.75         5
           W       1.00      1.00      1.00         3
           X       0.00      0.00      0.00         1
           Y       1.00      0.38      0.55         8
           Z       0.00      0.00      0.00         4

    accuracy                           0.69       132
   macro avg       0.64      0.66      0.61       132
weighted avg       0.71      0.69      0.66       132
